%YAML:1.0
---
K1: !!opencv-matrix
   rows: 3
   cols: 3
   dt: d
   data: [ 387.12459035707548, 0., 324.90222375586575, 0.,
       388.16635170444914, 236.33079393705705, 0., 0., 1. ]
D1: !!opencv-matrix
   rows: 1
   cols: 5
   dt: d
   data: [ 0.0075540385864605831, -0.023646290295298449,
       0.0016698316422820412, 0.00072745422675511966,
       0.018077616915529782 ]
K2: !!opencv-matrix
   rows: 3
   cols: 3
   dt: d
   data: [ 387.16487695440424, 0., 324.66544659879401, 0.,
       388.22197053374612, 234.31952467134747, 0., 0., 1. ]
D2: !!opencv-matrix
   rows: 1
   cols: 5
   dt: d
   data: [ -0.00091039097958895885, 0.0083303816566773995,
       -0.00092639183948105914, -0.00010946933181550023,
       -0.012364133602136736 ]
R: !!opencv-matrix
   rows: 3
   cols: 3
   dt: d
   data: [ 0.99999890692151883, -0.00026303507423816158,
       0.0014549805212745908, 0.00025425275555321115,
       0.99998176936588445, 0.0060329338974818292,
       -0.0014565408692726594, -0.0060325573702047965,
       0.99998074318472319 ]
T: !!opencv-matrix
   rows: 3
   cols: 1
   dt: d
   data: [ -49.301779325903709, 0.043624039985762808,
       -0.14109363238576378 ]
E: !!opencv-matrix
   rows: 3
   cols: 3
   dt: d
   data: [ -2.7666752296955975e-05, 0.14082789563544151,
       0.044474408483222094, -0.212903534675391, -0.29737869966262176,
       49.300624642159619, -0.056159105548550789, -49.300869048550979,
       -0.29749784782985195 ]
F: !!opencv-matrix
   rows: 3
   cols: 3
   dt: d
   data: [ 1.0667206814259799e-09, -5.4151949512830439e-06,
       0.00061560594299286291, 8.1863676955437082e-06,
       1.1403839773061857e-05, -0.73921204202515922,
       -0.0010802543536816561, 0.73305196892781987, 1. ]
reprojection_error: 0.23554785939574546
reprojection_error_L: 0.19282812855544398
reprojection_error_R: 0.26343174434579092
